965
211680
430080
768
27216
58054077
81000
633
103
42336
35640
123480
57624
31752
17820
282791
8660
21840
169344
62
448
11000
983900459
583200
8
33
2156
27456
13860
35503
32
65610
122877509
2304
587234
29400
63180
349920
4488
47040
2352
99840
7
4410
38016
32805
5184
3168
85536
54000
474
476014
18240
999999937
1323
9240
30720
11
7560
24576
8424
322081025
104976
1800
2431
37
22680
1620
99000
15750
2097152
1048576
653477439
83160
19800
102060
8640
5040
1512
51
70235461
4480
168000
2906162
68
6144
106
241920
95256
118800
93312
18432
48600
5250
3584
66150
172032
196608
34020
7040
66528
21384
34300
1056
84
10710
3780
16
327680
34848
1008
395
153600
8960
4620
1680
15876
28080
28800
89600
9600
24000
40960
97200
17920
27720
72576
17550
641
3024
100800
12870
53760
233280
3375
51030
7290
200000
301056
78000
42000
900360029
88
226800
746803744
48238
576
51840
1600
20592
73
87
49280
2376
96228
216
5361
2730
904152917
460800
56448
33600
131220
44
2720
141120
92317161
5616
63000
294912
216000
2268
6399199
24300
33401221
41600
92400
122
86016
50000
6750
14336
42
13680
9800
14112
26880
22950
9100
362
23328
697106497
4733
84579
61966
71
2016
129600
49392
221184
16000
103680
6000
150528
5940
4800
302400
7500
81
7389
331776
81920
65536
16128
700
40
30
95
40824
432255
32076
625433749
8347
614400
912
60000
57600
3120
408240
60480
2560
28672
696
805306368
864
12800
4200
42120
336000
21870
6804
9409159
934
192
117
13440
12096
8372259
112
501
215040
15680
98
226151256
54880
43200
3645
76800
13824
144000
54600
320
124
29250
288
12150
524880
13056
49896
45000
52488
16464
916855204
131
786432
311040
270000
118272
8087519
43680
1530
15120
22848
5400
5767201
725573
15840
7897861
126720
23115571
291600
31104
19008
5016
2430
13230
971866761
120
13122
43740
1386
1215
193536
157464
1848
11264
268800
2160
132300
62208
207360
8000
518400
95040
11016
393660
5120
94080
192000
67500
5073
50
18000
125
29
32768
118263990
133650
2403381
5600
3696
151200
12768
672
6300
179200
6
32670
324000
4896
559
8976
21952
16224
36960
15288
72900
2640
1001
2688
7455307
8320
48000
41472
33750
28000
16800
18720
409342369
79548
82944
29120
194241
14400
34111
65
74088
6765
4655
79
1890
67584
112000
83
517759
9425
12240
361
49920
9827
30240
114688
10240
4158
41580
300
20
47
373248
2400
994617
3864
23400
957262828
123
967669583
25
1100
2880
6930
101
35
4
78
204120
42105
42768
36283838
8748
323
16320
50688
21
86
281250
998506315
6840
176400
174960
7296
244944
969
23040
5625
5520
69120
10
552960
954158175
29484
139968
14688
441
4752
126
12960
66
673921
12544
111
69
134400
47958485
70200
91
8400
99
4000
22500
9
24480
96
70
3264
2340
1000000000
100696425
30973
245760
3900
7390
259200
340200
24192
519
150000
25490988
80949857
20160
201600
56700
11085765
5376
810
109
14560
16380
12000
6400
58
1728
1001604
48510
7920
9450
938017885
112896
3072
50544
7785
127008
4788
922505446
20328
79200
964532929
50400
622080
74
47473
33792
163296
21383
29160
3960
981028563
4914
54
1249
17136
115200
32640
136080
184320
4374
17
393216
17424
89
3312
6075
120000
113
688978813
926315427
85050
665
546
1904
540
6552
23100
1500
145800
999999998
94500
71280
999999999
53940
13
414720
15400
57024
118
230400
8826131
52920
70400
3
252000
1134
524288
3510
16200
3509575
8316
2
13500
5657
31590
15
23
68040
792
2736
85881
46080
96768
58320
5280
1920
29952
4312
9180
75
161280
262440
4943
6480
198450
9216
28512
131980
276480
49000
2000
322560
54432
29700
75600
8250
74880
368640
5601
155520
224
949106497
989447237
182250
4320
9489
1615
2520
105
72000
48384
10800
10368
3240
94770
135
646
124416
64
96000
31
71805
92160
214573
38400
186624
12288
128000
34944
32400
8624
900
3456
1944
138240
7392
21504
10080
21600
27184698
468
52800
122880
147456
27000
135000
300000
64152
10500
546750
63504
108000
160
16524
40950
26460
2070
25600
1960
6720
70560
56160
2250
360000
37440
1260
1440
27
961175759
165888
125440
22176
621008
1632
18480
5721
7680
8550
77
8448
69888
314928
44928
39936
132000
19200
63360
3000
110250
87480
655360
2025
5304
19656
9900
37800
10000
2310
364500
47628
105000
168960
7056
2100
64512
84480
4160
20480
4675
110592
307200
31680
482421315
121
10560
22464
35100
63
396
2200
405000
11340
180
28
5000
56
236250
6037
92
89100
64922375
4536
107
12348
14040
5808
72
4704
21168
39600
12672
1671
102
20736
281
189
35280
40320
202500
11664
240000
97
480000
8064
67893369
94
34560
816
101250
17640
31200
26
61440
116
44800
108864
8015864
3564
375000
42755209
640
7200
31500
7938
660
9000
24696
91857
170100
14
2600
55296
46
57344
466560
9504
10752
59
8772
23232
630
432000
388800
2592
243000
391
256000
119
8100
90
486000
813
986129769
25920
47520
998244353
1000000
459270
25002
3157819
3528
53
345600
73728
78750
57
49
129
442368
129024
18816
2940
81648
7128
491520
33108
82268566
38880
24750
108
2707
49152
93
5
46464
194400
85712697
787320
24
30030
1701
4560
48
11232
1817
279936
4608
75264
164640
43
248832
145152
1836
61740
55
5346
235200
4725
473
15552
7025
104
69984
536870912
19440
38
257
86400
44550
567
45
4032
1824
84240
34
9408
699840
510205
110
18
60
23760
76032
504
362880
22
80
5824
346742385
21000
5297
217728
3600
36
1520
5200
472392
3371
420
209952
172800
589833267
98415
107520
20000
115248
76
306180
59400
84000
82
1
170
142884
116640
987
193
7776
457481
180000
33696
64680
163840
8208
288000
782
14700
67200
49500
4050
32256
105600
225792
142560
90720
162000
1741
6541551
127
52
67
115
5760
70000
98304
19
4680
17280
58800
2618049
36864
3360
32000
77760
1764
59136
85
45360
25200
10260
128
181440
88704
4173641
1584
38497
5044
105840
4539685
80640
64800
